0.00000000 -0.17934802E-002 0.18601272E-003 
0.10000000 0.90203206E-003 0.17434281E-001 
0.20000000 0.35975444E-002 0.34682549E-001 
0.30000000 0.80549976E-002 0.51561545E-001 
0.40000000 0.14222526E-001 0.67893441E-001 
0.50000000 0.22028961E-001 0.83508369E-001 
0.60000000 0.31385206E-001 0.98246735E-001 
0.70000000 0.42185928E-001 0.11196127 
0.80000000 0.54311486E-001 0.12451875 
0.90000000 0.67630056E-001 0.13580140 
1.00000000 0.81999864E-001 0.14570794 
1.10000000 0.97271481E-001 0.15415420 
1.20000000 0.11329010 0.16107352 
1.30000000 0.12989775 0.16641669 
1.40000000 0.14693541 0.17015166 
1.50000000 0.16424494 0.17226299 
1.60000000 0.18167083 0.17275104 
1.70000000 0.19906179 0.17163106 
1.80000000 0.21627208 0.16893203 
1.90000000 0.23316263 0.16469555 
2.00000000 0.24960193 0.15897458 
2.10000000 0.26546678 0.15183216 
2.20000000 0.28064276 0.14334025 
2.30000000 0.29502460 0.13357847 
2.40000000 0.30851640 0.12263299 
2.50000000 0.32103163 0.11059545 
2.60000000 0.33249316 0.97562001E-001 
2.70000000 0.34283309 0.83632399E-001 
2.80000000 0.35199259 0.68909201E-001 
2.90000000 0.35992166 0.53497054E-001 
3.00000000 0.36657882 0.37502077E-001 
3.10000000 0.37193092 0.21031315E-001 
3.20000000 0.37595277 0.41922734E-002 
3.30000000 0.37862692 -0.12907485E-001 
3.40000000 0.37994339 -0.30160682E-001 
3.50000000 0.37989947 -0.47460622E-001 
3.60000000 0.37849947 -0.64701448E-001 
3.70000000 0.37575461 -0.81778377E-001 
3.80000000 0.37168288 -0.98587913E-001 
3.90000000 0.36630895 -0.11502806 
4.00000000 0.35966412 -0.13099853 
4.10000000 0.35178632 -0.14640097 
4.20000000 0.34272008 -0.16113923 
4.30000000 0.33251663 -0.17511960 
4.40000000 0.32123391 -0.18825119 
4.50000000 0.30893665 -0.20044625 
4.60000000 0.29569645 -0.21162062 
4.70000000 0.28159182 -0.22169421 
4.80000000 0.26670825 -0.23059154 
4.90000000 0.25113816 -0.23824237 
5.00000000 0.23498089 -0.24458233 
5.10000000 0.21834257 -0.24955375 
5.20000000 0.20133591 -0.25310638 
5.30000000 0.18407992 -0.25519829 
5.40000000 0.16669947 -0.25579675 
5.50000000 0.14932478 -0.25487916 
5.60000000 0.13209066 -0.25243394 
5.70000000 0.11513570 -0.24846149 
5.80000000 0.98601204E-001 -0.24297501 
5.90000000 0.82630029E-001 -0.23600132 
6.00000000 0.67365170E-001 -0.22758148 
6.10000000 0.52948230E-001 -0.21777140 
6.20000000 0.39517723E-001 -0.20664212 
6.30000000 0.27207241E-001 -0.19428001 
6.40000000 0.16143526E-001 -0.18078659 
6.50000000 0.64444818E-002 -0.16627817 
6.60000000 -0.17828416E-002 -0.15088515 
6.70000000 -0.84442154E-002 -0.13475099 
6.80000000 -0.13460113E-001 -0.11803089 
6.90000000 -0.16767438E-001 -0.10089010 
7.00000000 -0.18321033E-001 -0.83502012E-001 
7.10000000 -0.18094927E-001 -0.66045910E-001 
7.20000000 -0.16083249E-001 -0.48704559E-001 
7.30000000 -0.12300783E-001 -0.31661604E-001 
7.40000000 -0.67831269E-002 -0.15098876E-001 
7.50000000 0.41356990E-003 0.80632246E-003 
7.60000000 0.92132817E-002 0.15883885E-001 
7.70000000 0.19521188E-001 0.29973444E-001 
7.80000000 0.31225130E-001 0.42926712E-001 
7.90000000 0.44197407E-001 0.54609572E-001 
8.00000000 0.58296842E-001 0.64903845E-001 
8.10000000 0.73371076E-001 0.73708711E-001 
8.20000000 0.89259003E-001 0.80941744E-001 
8.30000000 0.10579328 0.86539558E-001 
8.40000000 0.12280286 0.90458065E-001 
8.50000000 0.14011541 0.92672359E-001 
8.60000000 0.15755971 0.93176261E-001 
8.70000000 0.17496778 0.91981552E-001 
8.80000000 0.19217683 0.89116953E-001 
8.90000000 0.20903102 0.84626890E-001 
9.00000000 0.22538290 0.78570102E-001 
9.10000000 0.24109461 0.71018143E-001 
9.20000000 0.25603883 0.62053812E-001 
9.30000000 0.27009946 0.51769579E-001 
9.40000000 0.28317209 0.40266023E-001 
9.50000000 0.29516420 0.27650330E-001 
9.60000000 0.30599526 0.14034861E-001 
9.70000000 0.31559660 -0.46417531E-003 
9.80000000 0.32391118 -0.15727935E-001 
9.90000000 0.33089322 -0.31636039E-001 
10.00000000 0.33650780 -0.48067545E-001 
10.10000000 0.34073037 -0.64901799E-001 
10.20000000 0.34354621 -0.82019166E-001 
10.30000000 0.34494994 -0.99301658E-001 
10.40000000 0.34494494 -0.11663345 
10.50000000 0.34354288 -0.13390131 
10.60000000 0.34076318 -0.15099497 
10.70000000 0.33663259 -0.16780738 
10.80000000 0.33118473 -0.18423495 
10.90000000 0.32445975 -0.20017778 
11.00000000 0.31650398 -0.21553976 
11.10000000 0.30736962 -0.23022874 
11.20000000 0.29711453 -0.24415667 
11.30000000 0.28580200 -0.25723972 
11.40000000 0.27350059 -0.26939844 
11.50000000 0.26028397 -0.28055794 
11.60000000 0.24623084 -0.29064803 
11.70000000 0.23142481 -0.29960354 
11.80000000 0.21595428 -0.30736451 
11.90000000 0.19991240 -0.31387654 
12.00000000 0.18339693 -0.31909117 
12.10000000 0.16651008 -0.32296625 
12.20000000 0.14935840 -0.32546643 
12.30000000 0.13205252 -0.32656365 
12.40000000 0.11470687 -0.32623770 
12.50000000 0.97439358E-001 -0.32447680 
12.60000000 0.80370867E-001 -0.32127822 
12.70000000 0.63624753E-001 -0.31664887 
12.80000000 0.47326164E-001 -0.31060597 
12.90000000 0.31601258E-001 -0.30317764 
13.00000000 0.16576286E-001 -0.29440344 
13.10000000 0.23765493E-002 -0.28433491 
13.20000000 -0.10874793E-001 -0.27303597 
13.30000000 -0.23058035E-001 -0.26058321 
13.40000000 -0.34058359E-001 -0.24706601 
13.50000000 -0.43767378E-001 -0.23258657 
13.60000000 -0.52084755E-001 -0.21725961 
13.70000000 -0.58919880E-001 -0.20121194 
13.80000000 -0.64193555E-001 -0.18458172 
13.90000000 -0.67839665E-001 -0.16751745 
14.00000000 -0.69806763E-001 -0.15017674 
14.10000000 -0.70059533E-001 -0.13272472 
14.20000000 -0.68580081E-001 -0.11533224 
14.30000000 -0.65368983E-001 -0.98173822E-001 
14.40000000 -0.60446059E-001 -0.81425367E-001 
14.50000000 -0.53850814E-001 -0.65261748E-001 
14.60000000 -0.45642524E-001 -0.49854254E-001 
14.70000000 -0.35899929E-001 -0.35368013E-001 
14.80000000 -0.24720524E-001 -0.21959425E-001 
14.90000000 -0.12219458E-001 -0.97737043E-002 
15.00000000 0.14719488E-002 0.10574153E-002 
15.10000000 0.16208036E-001 0.10417735E-001 
15.20000000 0.31830935E-001 0.18208348E-001 
15.30000000 0.48172944E-001 0.24349048E-001 
15.40000000 0.65059078E-001 0.28779353E-001 
15.50000000 0.82309721E-001 0.31459122E-001 
15.60000000 0.99743315E-001 0.32368756E-001 
15.70000000 0.11717899 0.31508999E-001 
15.80000000 0.13443910 0.28900349E-001 
15.90000000 0.15135155 0.24582132E-001 
16.00000000 0.16775195 0.18611263E-001 
16.10000000 0.18348546 0.11060771E-001 
16.20000000 0.19840837 0.20181213E-002 
16.30000000 0.21238935 -0.84165865E-002 
16.40000000 0.22531043 -0.20132505E-001 
16.50000000 0.23706762 -0.33009943E-001 
16.60000000 0.24757133 -0.46922246E-001 
16.70000000 0.25674646 -0.61737611E-001 
16.80000000 0.26453228 -0.77320801E-001 
16.90000000 0.27088213 -0.93534733E-001 
17.00000000 0.27576295 -0.11024192 
17.10000000 0.27915464 -0.12730577 
17.20000000 0.28104941 -0.14459168 
17.30000000 0.28145094 -0.16196804 
17.40000000 0.28037364 -0.17930703 
17.50000000 0.27784179 -0.19648528 
17.60000000 0.27388875 -0.21338440 
17.70000000 0.26855613 -0.22989142 
17.80000000 0.26189306 -0.24589906 
17.90000000 0.25395549 -0.26130596 
18.00000000 0.24480551 -0.27601686 
18.10000000 0.23451077 -0.28994263 
18.20000000 0.22314395 -0.30300037 
18.30000000 0.21078226 -0.31511337 
18.40000000 0.19750703 -0.32621115 
18.50000000 0.18340335 -0.33622943 
18.60000000 0.16855976 -0.34511014 
18.70000000 0.15306793 -0.35280141 
18.80000000 0.13702246 -0.35925761 
18.90000000 0.12052062 -0.36443940 
19.00000000 0.10366222 -0.36831382 
19.10000000 0.86549325E-001 -0.37085442 
19.20000000 0.69286133E-001 -0.37204143 
19.30000000 0.51978732E-001 -0.37186192 
19.40000000 0.34734885E-001 -0.37031010 
19.50000000 0.17663761E-001 -0.36738754 
19.60000000 0.87562869E-003 -0.36310350 
19.70000000 -0.15518507E-001 -0.35747529 
19.80000000 -0.31407333E-001 -0.35052858 
19.90000000 -0.46679731E-001 -0.34229776 
20.00000000 -0.61225367E-001 -0.33282635 
20.10000000 -0.74935374E-001 -0.32216730 
20.20000000 -0.87703124E-001 -0.31038327 
20.30000000 -0.99425111E-001 -0.29754696 
20.40000000 -0.11000193 -0.28374120 
20.50000000 -0.11933934 -0.26905913 
20.60000000 -0.12734947 -0.25360406 
20.70000000 -0.13395202 -0.23748937 
20.80000000 -0.13907560 -0.22083813 
20.90000000 -0.14265905 -0.20378259 
21.00000000 -0.14465282 -0.18646342 
21.10000000 -0.14502030 -0.16902874 
21.20000000 -0.14373910 -0.15163298 
21.30000000 -0.14080219 -0.13443541 
21.40000000 -0.13621897 -0.11759847 
21.50000000 -0.13001605 -0.10128598 
21.60000000 -0.12223787 -0.85661008E-001 
21.70000000 -0.11294699 -0.70883700E-001 
21.80000000 -0.10222409 -0.57108960E-001 
21.90000000 -0.90167591E-001 -0.44484072E-001 
22.00000000 -0.76892951E-001 -0.33146334E-001 
22.10000000 -0.62531537E-001 -0.23220767E-001 
22.20000000 -0.47229182E-001 -0.14817952E-001 
22.30000000 -0.31144365E-001 -0.80320871E-002 
22.40000000 -0.14446101E-001 -0.29393098E-002 
22.50000000 0.26884350E-002 0.40365739E-003 
22.60000000 0.20076482E-001 0.19604848E-002 
22.70000000 0.37532392E-001 0.17158122E-002 
22.80000000 0.54870391E-001 -0.32459646E-003 
22.90000000 0.71907309E-001 -0.41341203E-002 
23.00000000 0.88465217E-001 -0.96659583E-002 
23.10000000 0.10437391 -0.16854185E-001 
23.20000000 0.11947313 -0.25615146E-001 
23.30000000 0.13361456 -0.35849136E-001 
23.40000000 0.14666347 -0.47442307E-001 
23.50000000 0.15850001 -0.60268740E-001 
23.60000000 0.16902023 -0.74192612E-001 
23.70000000 0.17813664 -0.89070399E-001 
23.80000000 0.18577856 -0.10475306 
23.90000000 0.19189204 -0.12108813 
24.00000000 0.19643962 -0.13792175 
24.10000000 0.19939980 -0.15510044 
24.20000000 0.20076625 -0.17247283 
24.30000000 0.20054698 -0.18989105 
24.40000000 0.19876333 -0.20721207 
24.50000000 0.19544885 -0.22429870 
24.60000000 0.19064820 -0.24102047 
24.70000000 0.18441602 -0.25725431 
24.80000000 0.17681579 -0.27288506 
24.90000000 0.16791875 -0.28780580 
25.00000000 0.15780287 -0.30191806 
25.10000000 0.14655189 -0.31513196 
25.20000000 0.13425441 -0.32736617 
25.30000000 0.12100310 -0.33854784 
25.40000000 0.10689398 -0.34861250 
25.50000000 0.92025759E-001 -0.35750387 
25.60000000 0.76499266E-001 -0.36517367 
25.70000000 0.60416969E-001 -0.37158141 
25.80000000 0.43882539E-001 -0.37669420 
25.90000000 0.27000480E-001 -0.38048654 
26.00000000 0.98758087E-002 -0.38294017 
26.10000000 -0.73862258E-002 -0.38404389 
26.20000000 -0.24680394E-001 -0.38379346 
26.30000000 -0.41901714E-001 -0.38219153 
26.40000000 -0.58945672E-001 -0.37924757 
26.50000000 -0.75708441E-001 -0.37497788 
26.60000000 -0.92087109E-001 -0.36940557 
26.70000000 -0.10797993 -0.36256070 
26.80000000 -0.12328658 -0.35448028 
26.90000000 -0.13790853 -0.34520843 
27.00000000 -0.15174934 -0.33479651 
27.10000000 -0.16471510 -0.32330321 
27.20000000 -0.17671493 -0.31079473 
27.30000000 -0.18766150 -0.29734488 
27.40000000 -0.19747166 -0.28303516 
27.50000000 -0.20606712 -0.26795483 
27.60000000 -0.21337523 -0.25220088 
27.70000000 -0.21932980 -0.23587798 
27.80000000 -0.22387200 -0.21909824 
27.90000000 -0.22695134 -0.20198098 
28.00000000 -0.22852662 -0.18465229 
28.10000000 -0.22856703 -0.16724443 
28.20000000 -0.22705309 -0.14989515 
28.30000000 -0.22397775 -0.13274672 
28.40000000 -0.21934726 -0.11594488 
28.50000000 -0.21318209 -0.99637538E-001 
28.60000000 -0.20551768 -0.83973312E-001 
28.70000000 -0.19640497 -0.69099857E-001 
28.80000000 -0.18591086 -0.55162076E-001 
28.90000000 -0.17411829 -0.42300170E-001 
29.00000000 -0.16112618 -0.30647599E-001 
29.10000000 -0.14704893 -0.20328978E-001 
29.20000000 -0.13201574 -0.11457978E-001 
29.30000000 -0.11616950 -0.41352687E-002 
29.40000000 -0.99665358E-001 0.15534245E-002 
29.50000000 -0.82669024E-001 0.55390872E-002 
29.60000000 -0.65354692E-001 0.77709485E-002 
29.70000000 -0.47902763E-001 0.82177205E-002 
29.80000000 -0.30497338E-001 0.68684938E-002 
29.90000000 -0.13323561E-001 0.37332518E-002 
30.00000000 0.34351063E-002 -0.11570254E-002 
30.10000000 0.19599625E-001 -0.77506771E-002 
30.20000000 0.34998040E-001 -0.15976097E-001 
30.30000000 0.49467999E-001 -0.25742868E-001 
30.40000000 0.62859050E-001 -0.36943255E-001 
30.50000000 0.75034675E-001 -0.49454027E-001 
30.60000000 0.85873993E-001 -0.63138528E-001 
30.70000000 0.95273107E-001 -0.77848949E-001 
30.80000000 0.10314608 -0.93428720E-001 
30.90000000 0.10942551 -0.10971497 
31.00000000 0.11406277 -0.12654095 
31.10000000 0.11702784 -0.14373843 
31.20000000 0.11830886 -0.16113990 
31.30000000 0.11791139 -0.17858067 
31.40000000 0.11585741 -0.19590068 
31.50000000 0.11218417 -0.21294619 
31.60000000 0.10694284 -0.22957114 
31.70000000 0.10019716 -0.24563823 
31.80000000 0.92021909E-001 -0.26101990 
31.90000000 0.82501501E-001 -0.27559892 
32.00000000 0.71728507E-001 -0.28926887 
32.10000000 0.59802272E-001 -0.30193434 
32.20000000 0.46827600E-001 -0.31351106 
32.30000000 0.32913529E-001 -0.32392581 
32.40000000 0.18172212E-001 -0.33311622 
32.50000000 0.27179039E-002 -0.34103051 
32.60000000 -0.13333934E-001 -0.34762711 
32.70000000 -0.29867425E-001 -0.35287428 
32.80000000 -0.46766957E-001 -0.35674968 
32.90000000 -0.63917768E-001 -0.35923988 
33.00000000 -0.81206438E-001 -0.36034001 
33.10000000 -0.98521305E-001 -0.36005321 
33.20000000 -0.11575281 -0.35839032 
33.30000000 -0.13279377 -0.35536948 
33.40000000 -0.14953964 -0.35101575 
33.50000000 -0.16588872 -0.34536089 
33.60000000 -0.18174230 -0.33844301 
33.70000000 -0.19700486 -0.33030645 
33.80000000 -0.21158425 -0.32100151 
33.90000000 -0.22539183 -0.31058440 
34.00000000 -0.23834269 -0.29911706 
34.10000000 -0.25035583 -0.28666711 
34.20000000 -0.26135447 -0.27330780 
34.30000000 -0.27126628 -0.25911795 
34.40000000 -0.28002372 -0.24418189 
34.50000000 -0.28756448 -0.22858945 
34.60000000 -0.29383184 -0.21243582 
34.70000000 -0.29877520 -0.19582153 
34.80000000 -0.30235061 -0.17885225 
34.90000000 -0.30452140 -0.16163859 
35.00000000 -0.30525873 -0.14429587 
35.10000000 -0.30454239 -0.12694370 
35.20000000 -0.30236140 -0.10970558 
35.30000000 -0.29871479 -0.92708262E-001 
35.40000000 -0.29361230 -0.76081107E-001 
35.50000000 -0.28707510 -0.59955215E-001 
35.60000000 -0.27913640 -0.44462451E-001 
35.70000000 -0.26984206 -0.29734323E-001 
35.80000000 -0.25925107 -0.15900699E-001 
35.90000000 -0.24743588 -0.30883927E-002 
36.00000000 -0.23448259 0.85803786E-002 
36.10000000 -0.22049092 0.18989652E-001 
36.20000000 -0.20557402 0.28031456E-001 
36.30000000 -0.18985791 0.35607599E-001 
36.40000000 -0.17348076 0.41631463E-001 
36.50000000 -0.15659182 0.46029771E-001 
36.60000000 -0.13935008 0.48744250E-001 
36.70000000 -0.12192265 0.49733166E-001 
36.80000000 -0.10448279 0.48972645E-001 
36.90000000 -0.87207839E-001 0.46457750E-001 
37.00000000 -0.70276785E-001 0.42203251E-001 
37.10000000 -0.53867783E-001 0.36244044E-001 
37.20000000 -0.38155532E-001 0.28635191E-001 
37.30000000 -0.23308639E-001 0.19451566E-001 
37.40000000 -0.94870248E-002 0.87870792E-002 
37.50000000 0.31605486E-002 -0.32464828E-002 
37.60000000 0.14498759E-001 -0.16521005E-001 
37.70000000 0.24407749E-001 -0.30893920E-001 
37.80000000 0.32784837E-001 -0.46210379E-001 
37.90000000 0.39545870E-001 -0.62305635E-001 
38.00000000 0.44626184E-001 -0.79007592E-001 
38.10000000 0.47981158E-001 -0.96139430E-001 
38.20000000 0.49586371E-001 -0.11352224 
38.30000000 0.49437354E-001 -0.13097758 
38.40000000 0.47548984E-001 -0.14832995 
38.50000000 0.43954553E-001 -0.16540902 
38.60000000 0.38704558E-001 -0.18205168 
38.70000000 0.31865256E-001 -0.19810381 
38.80000000 0.23517063E-001 -0.21342175 
38.90000000 0.13752823E-001 -0.22787352 
39.00000000 0.26760295E-002 -0.24133970 
39.10000000 -0.96009803E-002 -0.25371407 
39.20000000 -0.22958786E-001 -0.26490396 
39.30000000 -0.37272585E-001 -0.27483036 
39.40000000 -0.52413794E-001 -0.28342785 
39.50000000 -0.68251525E-001 -0.29064429 
39.60000000 -0.84653936E-001 -0.29644045 
39.70000000 -0.10148943 -0.30078945 
39.80000000 -0.11862769 -0.30367614 
39.90000000 -0.13594061 -0.30509642 
40.00000000 -0.15330306 -0.30505654 
40.10000000 -0.17059348 -0.30357237 
40.20000000 -0.18769445 -0.30066868 
40.30000000 -0.20449305 -0.29637845 
40.40000000 -0.22088119 -0.29074221 
40.50000000 -0.23675586 -0.28380742 
40.60000000 -0.25201928 -0.27562794 
40.70000000 -0.26657903 -0.26626343 
40.80000000 -0.28034812 -0.25577897 
40.90000000 -0.29324509 -0.24424463 
41.00000000 -0.30519400 -0.23173509 
41.10000000 -0.31612451 -0.21832936 
41.20000000 -0.32597194 -0.20411048 
41.30000000 -0.33467730 -0.18916533 
41.40000000 -0.34218745 -0.17358440 
41.50000000 -0.34845515 -0.15746160 
41.60000000 -0.35343927 -0.14089413 
41.70000000 -0.35710497 -0.12398227 
41.80000000 -0.35942393 -0.10682923 
41.90000000 -0.36037464 -0.89540935E-001 
42.00000000 -0.35994271 -0.72225844E-001 
42.10000000 -0.35812123 -0.54994645E-001 
42.20000000 -0.35491117 -0.37959959E-001 
42.30000000 -0.35032179 -0.21235958E-001 
42.40000000 -0.34437109 -0.49379125E-002 
42.50000000 -0.33708623 0.10818349E-001 
42.60000000 -0.32850399 0.25917074E-001 
42.70000000 -0.31867120 0.40243321E-001 
42.80000000 -0.30764509 0.53683808E-001 
42.90000000 -0.29549363 0.66127863E-001 
43.00000000 -0.28229576 0.77468500E-001 
43.10000000 -0.26814153 0.87603588E-001 
43.20000000 -0.25313207 0.96437126E-001 
43.30000000 -0.23737947 0.10388060 
43.40000000 -0.22100638 0.10985441 
43.50000000 -0.20414550 0.11428933 
43.60000000 -0.18693881 0.11712794 
43.70000000 -0.16953653 0.11832615 
43.80000000 -0.15209584 0.11785445 
43.90000000 -0.13477943 0.11569927 
44.00000000 -0.11775370 0.11186396 
44.10000000 -0.10118680 0.10636974 
44.20000000 -0.85246482E-001 0.99256235E-001 
44.30000000 -0.70097788E-001 0.90581824E-001 
44.40000000 -0.55900624E-001 0.80423573E-001 
44.50000000 -0.42807318E-001 0.68876836E-001 
44.60000000 -0.30960185E-001 0.56054468E-001 
44.70000000 -0.20489189E-001 0.42085656E-001 
44.80000000 -0.11509764E-001 0.27114380E-001 
44.90000000 -0.41208663E-002 0.11297539E-001 
45.00000000 0.15966805E-002 -0.51972286E-002 
45.10000000 0.55815027E-002 -0.22193968E-001 
45.20000000 0.77926043E-002 -0.39511008E-001 
45.30000000 0.82098866E-002 -0.56963670E-001 
45.40000000 0.68342458E-002 -0.74367013E-001 
45.50000000 0.36872539E-002 -0.91538532E-001 
45.60000000 -0.11895576E-002 -0.10830074 
45.70000000 -0.77357778E-002 -0.12448359 
45.80000000 -0.15873514E-001 -0.13992661 
45.90000000 -0.25509053E-001 -0.15448080 
46.00000000 -0.36534731E-001 -0.16801024 
46.10000000 -0.48830935E-001 -0.18039328 
46.20000000 -0.62268197E-001 -0.19152348 
46.30000000 -0.76709302E-001 -0.20131018 
46.40000000 -0.92011357E-001 -0.20967877 
46.50000000 -0.10802780 -0.21657066 
46.60000000 -0.12461025 -0.22194301 
46.70000000 -0.14161028 -0.22576824 
46.80000000 -0.15888093 -0.22803336 
46.90000000 -0.17627810 -0.22873913 
47.00000000 -0.19366175 -0.22789917 
47.10000000 -0.21089687 -0.22553898 
47.20000000 -0.22785432 -0.22169487 
47.30000000 -0.24441148 -0.21641300 
47.40000000 -0.26045271 -0.20974831 
47.50000000 -0.27586973 -0.20176356 
47.60000000 -0.29056184 -0.19252840 
47.70000000 -0.30443606 -0.18211851 
47.80000000 -0.31740717 -0.17061480 
47.90000000 -0.32939764 -0.15810265 
48.00000000 -0.34033765 -0.14467132 
48.10000000 -0.35016490 -0.13041333 
48.20000000 -0.35882452 -0.11542393 
48.30000000 -0.36626892 -0.99800722E-001 
48.40000000 -0.37245769 -0.83643200E-001 
48.50000000 -0.37735745 -0.67052460E-001 
48.60000000 -0.38094173 -0.50130885E-001 
48.70000000 -0.38319097 -0.32981893E-001 
48.80000000 -0.38409242 -0.15709695E-001 
48.90000000 -0.38364014 0.15809250E-002 
49.00000000 -0.38183505 0.18784830E-001 
49.10000000 -0.37868498 0.35796749E-001 
49.20000000 -0.37420478 0.52511522E-001 
49.30000000 -0.36841645 0.68824360E-001 
49.40000000 -0.36134931 0.84631150E-001 
49.50000000 -0.35304015 0.99828794E-001 
49.60000000 -0.34353349 0.11431562 
49.70000000 -0.33288172 0.12799182 
49.80000000 -0.32114536 0.14076002 
49.90000000 -0.30839321 0.15252585 
50.00000000 -0.29470250 0.16319865 
50.10000000 -0.28015899 0.17269223 
50.20000000 -0.26485704 0.18092575 
50.30000000 -0.24889949 0.18782458 
50.40000000 -0.23239760 0.19332140 
50.50000000 -0.21547068 0.19735716 
50.60000000 -0.19824571 0.19988226 
50.70000000 -0.18085674 0.20085767 
50.80000000 -0.16344411 0.20025602 
50.90000000 -0.14615351 0.19806278 
51.00000000 -0.12913480 0.19427723 
51.10000000 -0.11254063 0.18891350 
51.20000000 -0.96524904E-001 0.18200128 
51.30000000 -0.81240996E-001 0.17358652 
51.40000000 -0.66839847E-001 0.16373185 
51.50000000 -0.53467907E-001 0.15251668 
51.60000000 -0.41264978E-001 0.14003709 
51.70000000 -0.30362021E-001 0.12640540 
51.80000000 -0.20878956E-001 0.11174930 
51.90000000 -0.12922542E-001 0.96210774E-001 
52.00000000 -0.65843833E-002 0.79944552E-001 
52.10000000 -0.19391273E-002 0.63116318E-001 
52.20000000 0.95706914E-003 0.45900582E-001 
52.30000000 0.20677671E-002 0.28478313E-001 
52.40000000 0.13771083E-002 0.11034368E-001 
52.50000000 -0.11097178E-002 -0.62451980E-002 
52.60000000 -0.53664246E-002 -0.23175894E-001 
52.70000000 -0.11346003E-001 -0.39577525E-001 
52.80000000 -0.18981511E-001 -0.55276842E-001 
52.90000000 -0.28187251E-001 -0.70110014E-001 
53.00000000 -0.38860293E-001 -0.83924877E-001 
53.10000000 -0.50882309E-001 -0.96582899E-001 
53.20000000 -0.64121627E-001 -0.10796081 
53.30000000 -0.78435476E-001 -0.11795187 
53.40000000 -0.93672322E-001 -0.12646681 
53.50000000 -0.10967425 -0.13343432 
53.60000000 -0.12627930 -0.13880127 
53.70000000 -0.14332376 -0.14253251 
53.80000000 -0.16064428 -0.14461046 
53.90000000 -0.17807984 -0.14503435 
54.00000000 -0.19547350 -0.14381934 
54.10000000 -0.21267393 -0.14099534 
54.20000000 -0.22953674 -0.13660584 
54.30000000 -0.24592553 -0.13070658 
54.40000000 -0.26171273 -0.12336419 
54.50000000 -0.27678025 -0.11465486 
54.60000000 -0.29101990 -0.10466298 
54.70000000 -0.30433362 -0.93479868E-001 
54.80000000 -0.31663365 -0.81202590E-001 
54.90000000 -0.32784241 -0.67932807E-001 
55.00000000 -0.33789246 -0.53775759E-001 
55.10000000 -0.34672618 -0.38839340E-001 
55.20000000 -0.35429558 -0.23233269E-001 
55.30000000 -0.36056192 -0.70683655E-002 
55.40000000 -0.36549536 0.95440833E-002 
55.50000000 -0.36907463 0.26492866E-001 
55.60000000 -0.37128665 0.43667310E-001 
55.70000000 -0.37212616 0.60957677E-001 
55.80000000 -0.37159546 0.78255491E-001 
55.90000000 -0.36970409 0.95453828E-001 
56.00000000 -0.36646853 0.11244756 
56.10000000 -0.36191206 0.12913355 
56.20000000 -0.35606452 0.14541090 
56.30000000 -0.34896219 0.16118110 
56.40000000 -0.34064768 0.17634821 
56.50000000 -0.33116986 0.19081915 
56.60000000 -0.32058384 0.20450382 
56.70000000 -0.30895089 0.21731544 
56.80000000 -0.29633852 0.22917084 
56.90000000 -0.28282043 0.23999077 
57.00000000 -0.26847655 0.24970031 
57.10000000 -0.25339301 0.25822933 
57.20000000 -0.23766214 0.26551300 
57.30000000 -0.22138236 0.27149233 
57.40000000 -0.20465814 0.27611482 
57.50000000 -0.18759974 0.27933516 
57.60000000 -0.17032299 0.28111592 
57.70000000 -0.15294891 0.28142834 
57.80000000 -0.13560327 0.28025318 
57.90000000 -0.11841594 0.27758148 
58.00000000 -0.10152020 0.27341542 
58.10000000 -0.85051802E-001 0.26776907 
58.20000000 -0.69147965E-001 0.26066918 
58.30000000 -0.53946135E-001 0.25215581 
58.40000000 -0.39582626E-001 0.24228286 
58.50000000 -0.26191100E-001 0.23111848 
58.60000000 -0.13900910E-001 0.21874531 
58.70000000 -0.28353281E-002 0.20526042 
58.80000000 0.68903047E-002 0.19077512 
58.90000000 0.15170480E-001 0.17541442 
59.00000000 0.21911424E-001 0.15931622 
59.10000000 0.27032941E-001 0.14263016 
59.20000000 0.30470165E-001 0.12551628 
59.30000000 0.32175137E-001 0.10814319 
59.40000000 0.32118165E-001 0.90686164E-001 
59.50000000 0.30288904E-001 0.73324814E-001 
59.60000000 0.26697116E-001 0.56240696E-001 
59.70000000 0.21373059E-001 0.39614694E-001 
59.80000000 0.14367478E-001 0.23624356E-001 
59.90000000 0.57511929E-002 0.84412139E-002 
60.00000000 -0.43857345E-002 -0.57718227E-002 
60.10000000 -0.15935226E-001 -0.18862937E-001 
60.20000000 -0.28772784E-001 -0.30693662E-001 
60.30000000 -0.42759407E-001 -0.41140859E-001 
60.40000000 -0.57743777E-001 -0.50098377E-001 
60.50000000 -0.73564652E-001 -0.57478340E-001 
60.60000000 -0.90053384E-001 -0.63212046E-001 
60.70000000 -0.10703650 -0.67250461E-001 
60.80000000 -0.12433829 -0.69564329E-001 
60.90000000 -0.14178327 -0.70143892E-001 
61.00000000 -0.15919854 -0.68998272E-001 
61.10000000 -0.17641599 -0.66154551E-001 
61.20000000 -0.19327419 -0.61656585E-001 
61.30000000 -0.20962006 -0.55563627E-001 
61.40000000 -0.22531033 -0.47948782E-001 
61.50000000 -0.24021263 -0.38897380E-001 
61.60000000 -0.25420634 -0.28505289E-001 
61.70000000 -0.26718320 -0.16877230E-001 
61.80000000 -0.27904765 -0.41251226E-002 
61.90000000 -0.28971693 0.96334917E-002 
62.00000000 -0.29912108 0.24276943E-001 
62.10000000 -0.30720264 0.39680806E-001 
62.20000000 -0.31391633 0.55719147E-001 
62.30000000 -0.31922861 0.72265639E-001 
62.40000000 -0.32311708 0.89194545E-001 
62.50000000 -0.32556995 0.10638156 
62.60000000 -0.32658539 0.12370452 
62.70000000 -0.32617090 0.14104404 
62.80000000 -0.32434272 0.15828397 
62.90000000 -0.32112519 0.17531179 
63.00000000 -0.31655023 0.19201898 
63.10000000 -0.31065676 0.20830121 
63.20000000 -0.30349028 0.22405855 
63.30000000 -0.29510237 0.23919563 
63.40000000 -0.28555036 0.25362175 
63.50000000 -0.27489694 0.26725098 
63.60000000 -0.26320993 0.28000225 
63.70000000 -0.25056197 0.29179945 
63.80000000 -0.23703036 0.30257155 
63.90000000 -0.22269682 0.31225271 
64.00000000 -0.20764740 0.32078242 
64.10000000 -0.19197229 0.32810574 
64.20000000 -0.17576570 0.33417348 
64.30000000 -0.15912575 0.33894247 
64.40000000 -0.14215426 0.34237592 
64.50000000 -0.12495664 0.34444371 
64.60000000 -0.10764165 0.34512284 
64.70000000 -0.90321133E-001 0.34439786 
64.80000000 -0.73109712E-001 0.34226133 
64.90000000 -0.56124394E-001 0.33871436 
65.00000000 -0.39484095E-001 0.33376709 
65.10000000 -0.23309062E-001 0.32743929 
65.20000000 -0.77201969E-002 0.31976082 
65.30000000 0.71617351E-002 0.31077218 
65.40000000 0.21217023E-001 0.30052494 
65.50000000 0.34328046E-001 0.28908215 
65.60000000 0.46380431E-001 0.27651860 
65.70000000 0.57264331E-001 0.26292104 
65.80000000 0.66875805E-001 0.24838817 
65.90000000 0.75118288E-001 0.23303052 
66.00000000 0.81904131E-001 0.21697007 
66.10000000 0.87156173E-001 0.20033973 
66.20000000 0.90809318E-001 0.18328245 
66.30000000 0.92812070E-001 0.16595021 
66.40000000 0.93127988E-001 0.14850266 
66.50000000 0.91736997E-001 0.13110549 
66.60000000 0.88636523E-001 0.11392864 
66.70000000 0.83842385E-001 0.97144193E-001 
66.80000000 0.77389405E-001 0.80924102E-001 
66.90000000 0.69331693E-001 0.65437810E-001 
67.00000000 0.59742570E-001 0.50849740E-001 
67.10000000 0.48714111E-001 0.37316771E-001 
67.20000000 0.36356297E-001 0.24985754E-001 
67.30000000 0.22795778E-001 0.13991148E-001 
67.40000000 0.81742630E-002 0.44528342E-002 
67.50000000 -0.73534133E-002 -0.35258231E-002 
67.60000000 -0.23621523E-001 -0.98595955E-002 
67.70000000 -0.40455901E-001 -0.14482660E-001 
67.80000000 -0.57676555E-001 -0.17349473E-001 
67.90000000 -0.75100374E-001 -0.18435230E-001 
68.00000000 -0.92543840E-001 -0.17735909E-001 
68.10000000 -0.10982568 -0.15267902E-001 
68.20000000 -0.12676937 -0.11067273E-001 
68.30000000 -0.14320548 -0.51886596E-002 
68.40000000 -0.15897376 0.22961133E-002 
68.50000000 -0.17392491 0.11299664E-001 
68.60000000 -0.18792210 0.21720869E-001 
68.70000000 -0.20084213 0.33446798E-001 
68.80000000 -0.21257630 0.46354710E-001 
68.90000000 -0.22303092 0.60314063E-001 
69.00000000 -0.23212757 0.75188476E-001 
69.10000000 -0.23980310 0.90837612E-001 
69.20000000 -0.24600936 0.10711894 
69.30000000 -0.25071274 0.12388936 
69.40000000 -0.25389360 0.14100666 
69.50000000 -0.25554548 0.15833080 
69.60000000 -0.25567430 0.17572503 
69.70000000 -0.25429747 0.19305683 
69.80000000 -0.25144297 0.21019868 
69.90000000 -0.24714841 0.22702869 
70.00000000 -0.24146015 0.24343108 
70.10000000 -0.23443240 0.25929651 
70.20000000 -0.22612640 0.27452236 
70.30000000 -0.21660965 0.28901287 
70.40000000 -0.20595518 0.30267921 
70.50000000 -0.19424096 0.31543953 
70.60000000 -0.18154923 0.32721889 
70.70000000 -0.16796609 0.33794928 
70.80000000 -0.15358095 0.34756949 
70.90000000 -0.13848622 0.35602507 
71.00000000 -0.12277691 0.36326828 
71.10000000 -0.10655034 0.36925801 
71.20000000 -0.89905901E-001 0.37395977 
71.30000000 -0.72944795E-001 0.37734571 
71.40000000 -0.55769823E-001 0.37939460 
71.50000000 -0.38485173E-001 0.38009196 
71.60000000 -0.21196214E-001 0.37943014 
71.70000000 -0.40092681E-002 0.37740843 
71.80000000 0.12968632E-001 0.37403331 
71.90000000 0.29630021E-001 0.36931860 
72.00000000 0.45867320E-001 0.36328571 
72.10000000 0.61573207E-001 0.35596396 
72.20000000 0.76641057E-001 0.34739077 
72.30000000 0.90965439E-001 0.33761200 
72.40000000 0.10444271 0.32668221 
72.50000000 0.11697167 0.31466491 
72.60000000 0.12845433 0.30163276 
72.70000000 0.13879676 0.28766777 
72.80000000 0.14791003 0.27286131 
72.90000000 0.15571123 0.25731419 
73.00000000 0.16212457 0.24113644 
73.10000000 0.16708257 0.22444709 
73.20000000 0.17052725 0.20737373 
73.30000000 0.17241141 0.19005189 
73.40000000 0.17269983 0.17262423 
73.50000000 0.17137052 0.15523953 
73.60000000 0.16841582 0.13805145 
73.70000000 0.16384347 0.12121706 
73.80000000 0.15767743 0.10489520 
73.90000000 0.14995861 0.89244601E-001 
74.00000000 0.14074525 0.74421856E-001 
74.10000000 0.13011311 0.60579266E-001 
74.20000000 0.11815530 0.47862575E-001 
74.30000000 0.10498177 0.36408679E-001 
74.40000000 0.90718460E-001 0.26343353E-001 
74.50000000 0.75506080E-001 0.17779071E-001 
74.60000000 0.59498528E-001 0.10812966E-001 
74.70000000 0.42861003E-001 0.55250270E-002 
74.80000000 0.25767807E-001 0.19765567E-002 
74.90000000 0.83999125E-002 0.20897819E-003 
75.00000000 -0.90576516E-002 0.24301047E-003 
75.10000000 -0.26418527E-001 0.20782541E-002 
75.20000000 -0.43497789E-001 0.56931991E-002 
75.30000000 -0.60114671E-001 0.11045656E-001 
75.40000000 -0.76095169E-001 0.18073591E-001 
75.50000000 -0.91274475E-001 0.26696343E-001 
75.60000000 -0.10549915 0.36816162E-001 
75.70000000 -0.11862902 0.48320037E-001 
75.80000000 -0.13053873 0.61081732E-001 
75.90000000 -0.14111895 0.74963976E-001 
76.00000000 -0.15027722 0.89820737E-001 
76.10000000 -0.15793844 0.10549951 
76.20000000 -0.16404501 0.12184359 
76.30000000 -0.16855669 0.13869419 
76.40000000 -0.17145014 0.15589252 
76.50000000 -0.17271821 0.17328160 
76.60000000 -0.17236913 0.19070793 
76.70000000 -0.17042540 0.20802294 
76.80000000 -0.16692273 0.22508423 
76.90000000 -0.16190873 0.24175655 
77.00000000 -0.15544177 0.25791263 
77.10000000 -0.14758968 0.27343376 
77.20000000 -0.13842851 0.28821026 
77.30000000 -0.12804143 0.30214167 
77.40000000 -0.11651758 0.31513698 
77.50000000 -0.10395106 0.32711453 
77.60000000 -0.90439993E-001 0.33800201 
77.70000000 -0.76085681E-001 0.34773625 
77.80000000 -0.60991849E-001 0.35626303 
77.90000000 -0.45263981E-001 0.36353681 
78.00000000 -0.29008740E-001 0.36952046 
78.10000000 -0.12333463E-001 0.37418500 
78.20000000 0.46542684E-002 0.37750929 
78.30000000 0.21847000E-001 0.37947979 
78.40000000 0.39137720E-001 0.38009030 
78.50000000 0.56420139E-001 0.37934179 
78.60000000 0.73588929E-001 0.37724217 
78.70000000 0.90539948E-001 0.37380619 
78.80000000 0.10717045 0.36905531 
78.90000000 0.12337931 0.36301764 
79.00000000 0.13906720 0.35572793 
79.10000000 0.15413688 0.34722752 
79.20000000 0.16849343 0.33756442 
79.30000000 0.18204456 0.32679332 
79.40000000 0.19470096 0.31497569 
79.50000000 0.20637670 0.30217980 
79.60000000 0.21698964 0.28848085 
79.70000000 0.22646203 0.27396096 
79.80000000 0.23472102 0.25870921 
79.90000000 0.24169932 0.24282162 
80.00000000 0.24733596 0.22640109 
80.10000000 0.25157700 0.20955717 
80.20000000 0.25437641 0.19240591 
80.30000000 0.25569690 0.17506941 
80.40000000 0.25551089 0.15767539 
80.50000000 0.25380139 0.14035655 
80.60000000 0.25056292 0.12324977 
80.70000000 0.24580242 0.10649520 
80.80000000 0.23954006 0.90235115E-001 
80.90000000 0.23180997 0.74612616E-001 
81.00000000 0.22266087 0.59770183E-001 
81.10000000 0.21215648 0.45848036E-001 
81.20000000 0.20037580 0.32982370E-001 
81.30000000 0.18741308 0.21303471E-001 
81.40000000 0.17337759 0.10933745E-001 
81.50000000 0.15839306 0.19857127E-002 
81.60000000 0.14259682 -0.54399851E-002 
81.70000000 0.12613859 -0.11256522E-001 
81.80000000 0.10917903 -0.15392693E-001 
81.90000000 0.91887854E-001 -0.17794536E-001 
82.00000000 0.74441817E-001 -0.18426713E-001 
82.10000000 0.57022324E-001 -0.17273590E-001 
82.20000000 0.39812925E-001 -0.14339967E-001 
82.30000000 0.22996664E-001 -0.96514365E-002 
82.40000000 0.67533609E-002 -0.32543162E-002 
82.50000000 -0.87430899E-002 0.47848203E-002 
82.60000000 -0.23327328E-001 0.14380036E-001 
82.70000000 -0.36844976E-001 0.25427310E-001 
82.80000000 -0.49154857E-001 0.37806177E-001 
82.90000000 -0.60130925E-001 0.51381670E-001 
83.00000000 -0.69663854E-001 0.66006513E-001 
83.10000000 -0.77662262E-001 0.81523499E-001 
83.20000000 -0.84053547E-001 0.97767970E-001 
83.30000000 -0.88784328E-001 0.11457035 
83.40000000 -0.91820507E-001 0.13175862 
83.50000000 -0.93146971E-001 0.14916075 
83.60000000 -0.92766973E-001 0.16660693 
83.70000000 -0.90701224E-001 0.18393165 
83.80000000 -0.86986761E-001 0.20097553 
83.90000000 -0.81675617E-001 0.21758692 
84.00000000 -0.74833373E-001 0.23362320 
84.10000000 -0.66537614E-001 0.24895190 
84.20000000 -0.56876355E-001 0.26345143 
84.30000000 -0.45946464E-001 0.27701171 
84.40000000 -0.33852132E-001 0.28953450 
84.50000000 -0.20703401E-001 0.30093349 
84.60000000 -0.66147898E-002 0.31113434 
84.70000000 0.82959823E-002 0.32007443 
84.80000000 0.23909146E-001 0.32770263 
84.90000000 0.40103916E-001 0.33397885 
85.00000000 0.56759402E-001 0.33887361 
85.10000000 0.73755393E-001 0.34236753 
85.20000000 0.90973038E-001 0.34445079 
85.30000000 0.10829541 0.34512264 
85.40000000 0.12560799 0.34439081 
85.50000000 0.14279903 0.34227105 
85.60000000 0.15975991 0.33878665 
85.70000000 0.17638534 0.33396797 
85.80000000 0.19257364 0.32785207 
85.90000000 0.20822684 0.32048233 
86.00000000 0.22325088 0.31190816 
86.10000000 0.23755571 0.30218473 
86.20000000 0.25105546 0.29137275 
86.30000000 0.26366855 0.27953825 
86.40000000 0.27531788 0.26675246 
86.50000000 0.28593096 0.25309168 
86.60000000 0.29544018 0.23863716 
86.70000000 0.30378303 0.22347501 
86.80000000 0.31090241 0.20769612 
86.90000000 0.31674694 0.19139603 
87.00000000 0.32127138 0.17467482 
87.10000000 0.32443705 0.15763700 
87.20000000 0.32621231 0.14039126 
87.30000000 0.32657312 0.12305023 
87.40000000 0.32550356 0.10573021 
87.50000000 0.32299645 0.88550698E-001 
87.60000000 0.31905401 0.71633947E-001 
87.70000000 0.31368841 0.55104329E-001 
87.80000000 0.30692245 0.39087621E-001 
87.90000000 0.29879012 0.23710155E-001 
88.00000000 0.28933715 0.90978261E-002 
88.10000000 0.27862144 -0.46250188E-002 
88.20000000 0.26671347 -0.17336840E-001 
88.30000000 0.25369645 -0.28920282E-001 
88.40000000 0.23966643 -0.39263665E-001 
88.50000000 0.22473215 -0.48262573E-001 
88.60000000 0.20901468 -0.55821504E-001 
88.70000000 0.19264683 -0.61855560E-001 
88.80000000 0.17577225 -0.66292126E-001 
88.90000000 0.15854437 -0.69072507E-001 
89.00000000 0.14112488 -0.70153452E-001 
89.10000000 0.12368215 -0.69508538E-001 
89.20000000 0.10638918 -0.67129340E-001 
89.30000000 0.89421525E-001 -0.63026340E-001 
89.40000000 0.72954853E-001 -0.57229541E-001 
89.50000000 0.57162501E-001 -0.49788719E-001 
89.60000000 0.42212885E-001 -0.40773312E-001 
89.70000000 0.28266918E-001 -0.30271905E-001 
89.80000000 0.15475496E-001 -0.18391316E-001 
89.90000000 0.39771103E-002 -0.52552908E-002 
90.00000000 -0.61043260E-002 0.89971599E-002 
90.10000000 -0.14661388E-001 0.24213759E-001 
90.20000000 -0.21604720E-001 0.40231227E-001 
90.30000000 -0.26864246E-001 0.56877754E-001 
90.40000000 -0.30389989E-001 0.73975621E-001 
90.50000000 -0.32152466E-001 0.91343869E-001 
90.60000000 -0.32142684E-001 0.10880097 
90.70000000 -0.30371731E-001 0.12616743 
90.80000000 -0.26870011E-001 0.14326819 
90.90000000 -0.21686147E-001 0.15993492 
91.00000000 -0.14885614E-001 0.17600796 
91.10000000 -0.65491490E-002 0.19133807 
91.20000000 0.32289952E-002 0.20578783 
91.30000000 0.14342905E-001 0.21923272 
91.40000000 0.26676907E-001 0.23156198 
91.50000000 0.40107466E-001 0.24267907 
91.60000000 0.54505035E-001 0.25250190 
91.70000000 0.69735823E-001 0.26096286 
91.80000000 0.85663445E-001 0.26800857 
91.90000000 0.10215044 0.27359950 
92.00000000 0.11905963 0.27770940 
92.10000000 0.13625533 0.28032463 
92.20000000 0.15360437 0.28144346 
92.30000000 0.17097703 0.28107525 
92.40000000 0.18824772 0.27923963 
92.50000000 0.20529558 0.27596569 
92.60000000 0.22200501 0.27129116 
92.70000000 0.23826594 0.26526165 
92.80000000 0.25397416 0.25792991 
92.90000000 0.26903144 0.24935516 
93.00000000 0.28334570 0.23960244 
93.10000000 0.29683105 0.22874208 
93.20000000 0.30940778 0.21684916 
93.30000000 0.32100243 0.20400307 
93.40000000 0.33154774 0.19028716 
93.50000000 0.34098265 0.17578832 
93.60000000 0.34925230 0.16059675 
93.70000000 0.35630804 0.14480568 
93.80000000 0.36210752 0.12851111 
93.90000000 0.36661468 0.11181167 
94.00000000 0.36979992 0.94808337E-001 
94.10000000 0.37164025 0.77604329E-001 
94.20000000 0.37211940 0.60304845E-001 
94.30000000 0.37122812 0.43016873E-001 
94.40000000 0.36896441 0.25848941E-001 
94.50000000 0.36533379 0.89108286E-002 
94.60000000 0.36034964 -0.76867631E-002 
94.70000000 0.35403357 -0.23832611E-001 
94.80000000 0.34641573 -0.39415435E-001 
94.90000000 0.33753521 -0.54324446E-001 
95.00000000 0.32744036 -0.68449979E-001 
95.10000000 0.31618916 -0.81684225E-001 
95.20000000 0.30384944 -0.93922060E-001 
95.30000000 0.29049914 -0.10506198 
95.40000000 0.27622643 -0.11500711 
95.50000000 0.26112974 -0.12366638 
95.60000000 0.24531765 -0.13095567 
95.70000000 0.22890861 -0.13679915 
95.80000000 0.21203054 -0.14113055 
95.90000000 0.19482016 -0.14389458 
96.00000000 0.17742214 -0.14504825 
96.10000000 0.15998804 -0.14456215 
96.20000000 0.14267499 -0.14242174 
96.30000000 0.12564412 -0.13862839 
96.40000000 0.10905885 -0.13320034 
96.50000000 0.93082852E-001 -0.12617340 
96.60000000 0.77877980E-001 -0.11760139 
96.70000000 0.63601950E-001 -0.10755629 
96.80000000 0.50406008E-001 -0.96128067E-001 
96.90000000 0.38432551E-001 -0.83424084E-001 
97.00000000 0.27812784E-001 -0.69568216E-001 
97.10000000 0.18664493E-001 -0.54699541E-001 
97.20000000 0.11089989E-001 -0.38970701E-001 
97.30000000 0.51742868E-002 -0.22545924E-001 
97.40000000 0.98359743E-003 -0.55987674E-002 
97.50000000 -0.14358403E-002 0.11690363E-001 
97.60000000 -0.20585314E-002 0.29136867E-001 
97.70000000 -0.88008345E-003 0.46554686E-001 
97.80000000 0.20828581E-002 0.63759060E-001 
97.90000000 0.67930926E-002 0.80569218E-001 
98.00000000 0.13193742E-001 0.96810942E-001 
98.10000000 0.21209488E-001 0.11231893 
98.20000000 0.30748123E-001 0.12693888 
98.30000000 0.41702355E-001 0.14052936 
98.40000000 0.53951805E-001 0.15296320 
98.50000000 0.67365142E-001 0.16412871 
98.60000000 0.81802272E-001 0.17393041 
98.70000000 0.97116537E-001 0.18228954 
98.80000000 0.11315687 0.18914410 
98.90000000 0.12976984 0.19444876 
99.00000000 0.14680156 0.19817441 
99.10000000 0.16409945 0.20030754 
99.20000000 0.18151380 0.20084937 
99.30000000 0.19889910 0.19981495 
99.40000000 0.21611522 0.19723210 
99.50000000 0.23302837 0.19314028 
99.60000000 0.24951185 0.18758947 
99.70000000 0.26544664 0.18063903 
99.80000000 0.28072181 0.17235660 
99.90000000 0.29523481 0.16281704 
100.00000000 0.30889164 0.15210143 